Mixture	B cells naive	B cells memory	Plasma cells	T cells CD8	T cells CD4 naive	T cells CD4 memory resting	T cells CD4 memory activated	T cells follicular helper	T cells regulatory (Tregs)	T cells gamma delta	NK cells resting	NK cells activated	Monocytes	Macrophages M0	Macrophages M1	Macrophages M2	Dendritic cells resting	Dendritic cells activated	Mast cells resting	Mast cells activated	Eosinophils	Neutrophils	P-value	Correlation	RMSE
GSM1587827	0.0306636253739107	0.0449295911370347	0.0526518129604061	0.0762829392103052	0.0266640104324634	0.0828475523001332	0.0504329852065382	0	0	0.129141846145203	0.0195761935065403	0	0.395390351629011	0.0144763735605951	0	0	0	0.0110434716866681	0.020035275242933	0	0.00461062544346391	0.0412533461647943	9999	0.576658318861165	0.823058519550463
GSM1587828	0	0.00115884697254858	0.00218730142803118	0.142754212289958	0.0125149690326988	0.0949440649577972	0.0728285281176693	0	0	0.0525777754659229	0.0661820501103343	0	0.429311464941737	0.0117288181311564	0	0	0	0.00121234510540003	0.0197064314746461	0	0.0435964635902333	0.0492967283818669	9999	0.597328110300698	0.808052445785737
GSM1587829	0	0.0149816668814753	0.0054839871670188	0.0263254877691333	0.0321675124339688	0.0237065826187628	0.0787368633303583	0	0	0.0538777739777989	0.0781217922223785	0	0.584481004061374	0.02393589895873	0	0	0	0	0.0274979899883197	0	0.0217597327878416	0.0289237078028394	9999	0.621400025773559	0.7873888897186
GSM1587830	0	0.00757588724362573	0.00195070458086632	0	0.155914291524472	0.101833600928479	0.0699976582878105	0	0.000363284898095222	0.096662153258654	0.130307759405767	0	0.395313449733827	0.00517472384489454	0	0	0	0.000471527800715058	0.0161268488436644	0	0.0183081096491288	0	9999	0.614998880367917	0.798357812989542
GSM1587831	0.288865129953959	0.404379954819267	0	0.038109424308544	0.0253640668646331	0.00617445989292944	0.0115945884097373	0.117515145126551	0	0.0103160709425454	0	0.0106595472549862	0	0.0357288311183916	0	0.0230471128496249	0	0.0202029484499007	0.00804272000893038	0	0	0	9999	0.755663954070822	0.656752512421462
GSM1587832	0.0903943585662961	0.475192389790541	0.0922396022410384	0.0496770144843036	0.0230232481007603	0	0	0.099411463266475	0	0.0279427844215015	0	0.0632843951960204	0	0.0316981153807068	0.0211609104517473	0.0223050642320504	0	0	0	0	0	0.00367065386855905	9999	0.783738203619813	0.631052182872606
GSM1587833	0.254733269469169	0.208139951303357	0.0296772408726273	0.0853677100998602	0.00979523626990582	0	0.014695670316463	0.115128055745377	0	0.0765248952576972	0	0.0478019835803879	0	0.0758846409851124	0.0353167253439784	0.0413875434262346	0	0	0.00554707732982912	0	0	0	9999	0.680508813294726	0.740725882733397
GSM1587834	0.082887538417312	0.397928338600322	0	0.0882980171167661	0	0.0157315239413368	0.0243430254222986	0.14469421733231	0.0010927374569352	0.05578114497627	0	0.0376311702136823	0	0.0803215365090385	0.0197030789620849	0.0475607218794302	0	0	0.00402694917221369	0	0	0	9999	0.705153597208955	0.724689865812198
GSM1587835	0.134858397511703	0.517848295387469	0	0.0345059248106404	0.0246621182522413	0.0355760902301404	0.0480545679403048	0.0603326287849439	0	0.0312063642857685	0	0.0237468402944397	0	0.0311734947174999	0.00278406606381077	0.0425249416093272	0	0.0127262701117117	0	0	0	0	9999	0.82774786222034	0.586320007813959
GSM1587836	0.225859620356726	0.328562417998125	0.0630473021488583	0.0348355737768306	0.0127714042610291	0.0632287951667411	0.00557042605771662	0.0882093470862002	0	0.0382724468495878	0	0.044361225350354	0	0.0347677494170338	0.00175847033802101	0.0317526482197905	0	0.0213356691696081	0	0.00566690380337789	0	0	9999	0.820124863994883	0.598706226600375
GSM1587837	0.0822181778855471	0.420020809598945	0.0307161038944389	0.0640990186353449	0	0.0304888724587689	0.00653726639252205	0.153776209003596	0	0.0380329352989726	0	0.0501848976027529	0	0.0215001132651	0.00858499562911328	0.0609977510236039	0	0.0231029915381654	0.00973985777312939	0	0	0	9999	0.747295929681595	0.683988665828015
GSM1587838	0.0293025743779762	0.528150358526935	0.0545681657528517	0.0558727601157024	0	0.0381682449184067	0.00614283420768113	0.0878406479819504	0	0.032303152065499	0	0.0791641463544201	0	0.0223534176270329	0.0140526637783539	0.0384964133994277	0	0.013584620893763	0	0	0	0	9999	0.698269620015301	0.717891256788353
GSM1587839	0.241615323569436	0.356859833658007	0.0558546086905916	0.0203584489495648	0	0.0441213998763346	0.00765541312046509	0.114269557926206	0	0.0243603373812236	0	0.0364162631167757	0	0.0523202275621903	0	0.0210175274561917	0	0.021083502601091	0	0	0	0.00406755609192338	9999	0.668627663828282	0.742901683294292
GSM1587840	0.455895401516862	0.242696056581764	0	0.0135030761384008	0.00536771568239948	0	0.00859252911392484	0.1144249701528	0	0.0199119478330576	0	0.0134342210106292	0	0.0330641625788783	0.000281417489577757	0.0435810249923958	0	0.0357626396016169	0.0134848373076937	0	0	0	9999	0.807123910142694	0.597473655857459
GSM1587841	0.00402417885426868	0.633734117482659	0	0.041170797298335	0.0180441457353998	0.0811086875322244	0.0031491796007886	0.0313056485461023	0	0.0503430643880972	0	0.0371275203171878	0	0.0332596810774751	0.00748552008297734	0.0525614023026891	0	0.00668605678179592	0	0	0	0	9999	0.747644036836862	0.671121804240485
GSM1587842	0	0.607767668419338	0.0386193852697494	0.0404950292423258	0.0277500894792475	0	0	0.137382195177063	0.00696462406761213	0.0293525752336326	0	0.0443871323885805	0	0.025337109712279	0.00623986380279568	0.0253517332551797	0	0.0103525939521973	0	0	0	0	9999	0.64194685169522	0.766217227406902
GSM1587843	0.00421420700399573	0.339817317462252	0	0.0799186829323908	0	0.0353119544590976	0.0373215346730372	0.104854118307076	0.0210133174518412	0.112591777117566	0	0.0629624673932511	0	0.0615451367566065	0.050039151636287	0.0650229475829235	0	0.000628581404150982	0	0.0102912229247881	0.0107127799758637	0.00375480291887315	9999	0.628072561955885	0.788767091402047
GSM1587844	0.156181719494241	0.335238418113582	0.125428720057284	0.0897044099057409	0	0.0361133513279256	0.00990547912837464	0.0386925553129529	0.00031652406387256	0.0523064727181699	0	0.0505115548205399	0	0.0482030406595719	0.0206928449940889	0.0188068267411864	0	0.0140924476156656	0.00218234070709749	0	0	0.00162329433970571	9999	0.736927063116774	0.681489592388595
GSM1587845	0.0537925567837452	0.634984332432048	0.184232646546039	0.00142091806340097	0.00121580140538176	0	0	0.0368293099515168	0	0	0	0.0390897273282302	0	0.000454883577957956	0	0	0	0.0137655946073333	0	0.00565794363080781	0.0285562856735392	0	9999	0.824438072209724	0.565611757196118
GSM1587846	0.218466388163357	0.555407917656045	0.0755782174375413	0	0.021485737918306	0	0.00777652781939648	0.023165999724937	0	0.0234076932304687	0	0.0214536065116548	0	0	0	0.000430044938046013	0	0.016785339376162	0.00313557804948012	0	0.0327182638416363	0.000188685332968954	9999	0.802872202130264	0.595649813347174
GSM1587847	0	0.760215534411198	0.120981589714936	0	0.010893292769305	0	0.00130166048267068	0.0245912431132961	0	0	0	0.0255971302490228	0	0	0	0.0182453911942214	0	0.0118010401510023	0	0	0.0263731179143475	0	9999	0.807488372462375	0.589877718673597
GSM1587848	0.036180241775797	0.565136158254735	0.291385955018245	0.000218688065738379	0.0132181479041908	0	0.00947620946989672	0.0206324787826161	0	0.00926811264646859	0	0.0171918245495917	0	0.00694422579940659	0	0.00104002155319016	0	0.0189175818991747	0.00449452743835619	0	0.00246296032247241	0.00343286652012074	9999	0.876340440935171	0.481333722146794
GSM1587849	0.0982648929873049	0.77056297307021	0	0	0.0103932658564646	0	0	0.0182199865348828	0	0.0162111524071092	0	0.0432073726228901	0	0.00246713955138683	0	0.00780729192487349	0	0.00737303875365567	0	0	0.0254928862912222	0	9999	0.77331850013114	0.635405113907214
GSM1587850	0	0.0129241063693249	0.00573638848442546	0.24045843517727	0.0577102278900409	0.114510907738019	0	0.506473172981884	0.0060209848153745	0	0	0.0402192252276962	0	0	0	0	0.000969388529725791	0.000181763934142576	0	0.0067538978252729	0.00679740798533697	0.00124409304148698	9999	0.849928483475643	0.551020009934116
GSM1587851	0	0.0178845913976552	0.00585599514355082	0.211380673475177	0	0.154701854308945	0.00768414784024567	0.378557529274193	0.00561839401603061	0.142918974569011	0	0.0661549380783442	0	0	0	0.000425602847893742	0	0.000276283139090143	0.00123904741115813	0	0.00457305630483955	0.00272891219386635	9999	0.837130404448289	0.572517164156651
GSM1587852	0	0.0152799433818339	0.00273633868801843	0.138765375588897	0	0.299788189028793	0.0234708638320455	0.480306536558903	0	0.0134337609506146	0	0.023545703897476	0	0	0	0.00152975305517961	0	0.00112713713627669	0	0	1.63978819620664e-05	0	9999	0.881023974302117	0.511565430671892
GSM1587853	0	0.00557919063577849	0.00403459949744719	0.19763934451556	0	0.0708395097075928	0	0.434267063176432	0.0184687404267542	0.192040338929783	0	0.0642196457739207	0	0.00130453625652422	0	0.00156002416446745	0	0.000216357874208723	0.00417371167623148	0	0.000971419677584733	0.00468551768771554	9999	0.824557247148463	0.583852642192592
GSM1587854	0	0.0113713001560124	0.00665454128196842	0.170780854617232	0.0444429888539265	0.243625769378128	0.00963656170374143	0.290875630858885	0.0450318701490774	0.132520193111191	0	0.0303180935133001	0	0	0	0	0	0.00078071122652822	0	0.00710135121940678	0.00686013393060211	0	9999	0.858325018570399	0.551973473023462
